f:fatorialI
dram: 1669.192398 cpu: 21101.646057 package: 35544.659653
dram: 1669.192398 cpu: 21102.125656 package: 35545.493073
f:fatorialR
dram: 1669.192947 cpu: 21103.092087 package: 35547.100845
dram: 1669.257553 cpu: 21103.924026 package: 35548.226242
